1 10
100 200
201 210
900 1000
100 500
100 10500
100 20500
100 30500
10500 20500
10500 30500
129991 135111
129991 135110
129991 135112
129990 135111
129990 135110
129990 135112
129992 135111
129992 135110
129992 135112
1 10000
10001 20000
20001 30000
30001 40000
40001 50000
50001 60000
60001 70000
70001 80000
80001 90000
90001 100000
100001 110000
110001 120000
120001 130000
130001 140000
140001 150000
150001 160000
160001 170000
170001 180000
180001 190000
190001 200000
200001 210000
210001 220000
220001 230000
230001 240000
240001 250000
250001 260000
260001 270000
270001 280000
280001 290000
290001 300000
300001 310000
310001 320000
320001 330000
