1 10
100 200
201 210
900 1000
10 1
1 20
20 1
100 200
23 59
23 23
999999 1000000
999998 999999
34523 342343
56453 23432
23423 13578
233422 987872
23423 876543
545 919191
32456 246810
234 17500
24667 123
9876 1
562 170000
4124 2600
84532 1000000
349275 23
34582 402
7658 1001
752 2
25727 88901
272513 777777
1134 231245
200000 200000
212123 212123
135790 124764
777777 999999
999999 123444
14790 999998
235678 231441
124535 123456
897979 231204
678597 890234
528966 899991
659643 200323
909909 102020
545345 102938
345346 912931
262222 454526
262566 671523
1222 123124
100100 100200
1 1000000
