1 10
100 200
201 210
900 1000
1 1
500 500
500 600
600 500
1 100
1 1000
1 10000
1 100000
1 1000000
10 1000000
100 1000000
1000 1000000
10000 1000000
100000 1000000
1000000 1000000
999999 1000000
500000 500000
400000 600000
300000 700000
200000 800000
100000 900000
157366 788934
694073 460194
673953 793017
491480 677869
624073 824699
5826 468003
497687 957850
47780 197908
844939 452367
722624 241573
740690 444781
164415 202426
227406 625486
315564 323624
280483 471229
860860 987542
278662 863555
523058 976813
329867 536233
513850 828162
711325 164717
78735 290465
576380 664902
372637 812813
70528 383820
313992 102256
131997 795721
380828 743313
452559 721559
797713 741119
502690 296303
249 783831
687350 21230
232268 65468
382795 199921
995758 52044
463635 4491
758138 808153
915328 299514
244160 599135
596060 301241
437116 794085
992901 507932
83359 798700
192278 684451
23455 362797
958791 734015
390315 792235
991042 128155
880657 708742
