1 10
100 200
201 210
900 1000
50 20
90000 90001
87 87
1 1
300 900
1000 2000
1500 2500
30 900
1000000 1
999000 100000
999900 100000
999000 999500
999500 999600
999600 999700
999700 999800
999800 999900
500000 900000
600000 800000
500000 800000
600000 900000
800000 900000
850000 900000
825000 850000
835000 850000
845000 850000
840000 845000
837000 840000
837000 838000
837250 837750
837000 837250
837750 838000
837800 837775
837700 837785
837700 837795
837800 837797
837800 837799
837800 837800
1000000 837800
837798 1
80000 80000
9 9
33 20
150 250
1000000 999999
500 5000
500000 750000