1 10
100 200
201 210
900 1000
744571 792593
293693 756737
521185 924477
714044 985995
598498 904515
683616 831749
497258 821593
80255 747704
84661 391346
41396 841397
912530 955084
724003 955406
804512 831428
873099 990095
104766 240433
192209 192849
480446 591133
483990 547299
606889 824081
146052 873091
908742 968426
388067 511138
323929 575691
871789 954100
552812 669650
662443 787830
994124 999643
921328 932907
842521 886564
244670 245754
614206 754927
632523 860238
241734 316470
896465 961563
671180 877507
297642 706506
847381 888137
194875 769631
799827 831892
347662 609983
557027 867820
682013 885413
721956 762918
538097 734024
420866 644919
937939 995031
762968 967803
257479 773581
252142 312863
536680 955198
187914 228953
689221 873871
627158 638352
517661 676661
350729 779379
36172 220081
100548 645323
215111 382014
139884 450595
349815 915862
742674 747223
279352 702420
467265 537295
81683 924356
175645 599344
479816 794503
349043 507727
349173 569124
608274 994495
302733 508786
652877 812349
520368 536877
279612 772133
928515 984308
955837 988956
920153 952775
405550 876854
339452 791376
75302 424625
832671 954017
147366 470984
761317 902497
632140 936829
241948 762665
246702 317249
187288 245741
462120 904257
209848 290546
674574 749803
192363 778958
703818 768440
983633 985891
308551 326157
82642 155144
863315 918994
1835 516172
698592 999932
179343 391937
404595 820128
1 1
1 1000000
