1 10
100 200
201 210
900 1000
1 1
200 100
71410 82246
9876 909
704097 732847
98768 78787
219780 974279
626428 492497
117345 944375
665764 776865
608987 193976
33915 731681
730819 875626
745252 30561
375409 754428
465943 581539
267008 228455
509631 14765
378102 372587
607444 303067
677756 400406
275890 406682
432675 119250
633445 73305
188645 602747
149730 403507
294959 490510
280778 946863
275871 491459
424916 649814
731429 909797
276840 554342
224353 990228
649913 23377
893275 698305
440347 261465
531913 199926
372764 382916
388731 304496
417912 728163
870567 665901
674075 173257
398409 393597
18637 339508
133547 969117
693168 493910
544771 254021
828348 99009
515400 324824
444636 934660
970754 611718
544366 308217
714327 619267
504411 994638
386427 284157
398794 199467
943234 125999
972865 914230
977882 236464
818846 807525
276546 654604
34155 667006
110139 380464
72521 87812
500530 185935
279609 95140
859538 304347
139590 283990
902514 57919
200262 219698
694463 42827
668376 580420
278893 321771
247066 105982
431411 216705
225474 543973
560519 804382
658362 768044
322852 906491
524406 951534
707923 677640
321551 640274
799768 743470
130262 210306
170164 809274
223380 895070
949200 317146
448495 349799
137336 255182
767757 39746
913447 731694
444712 987292
861020 23793
868198 218195
488852 948387
12936 49062
839772 233331
301312 634645
810770 33566
233630 116681
497150 722481
450686 755758
402972 801270
230096 240118
637004 781413
147644 995876
