4778 30903
3787 14554
30853 8176
29872 23454
594 29931
4287 32277
7507 18821
15509 25193
23796 7309
5268 11943
3872 4226
32458 8411
9354 7969
14956 6553
8657 22881
9863 9679
26479 19316
19796 23084
7043 14387
15370 14339
21293 19484
28596 20298
11825 7899
31736 23831
15362 23117
13390 29002
16782 22998
8661 16330
28205 25031
28828 17082
32703 30119
13793 30576
29505 17429
29359 25993
13879 24315
28693 30417
17813 30918
20149 8466
29817 23093
16135 19475
5699 15115
5741 30852
17218 26136
24911 22671
23105 8239
14723 26487
23007 27629
27461 21961
12565 12020
15555 20449
29530 14820
31869 20408
32289 24210
4192 22747
26117 11450
15503 11543
25436 2719
32492 1457
32 29909
51 15103

