1 10
100 200
201 210
900 1000
1 1000000
525824 790872
562412 266921
175507 600782
446458 281572
393956 544096
509866 789780
936808 821842
600213 751198
897771 108084
442812 648057
545422 947922
120511 839204
997723 465713
746315 828145
28100 35188
816661 588204
354724 60067
715628 579368
222405 630306
348712 183849
705722 564742
473033 885406
262555 5897
685587 951458
170398 703729
505392 128727
450690 570592
820774 748663
683320 796916
385427 568774
497338 556382
680793 253634
506631 753191
866814 991533
168776 913949
744772 281057
524082 910555
916240 865084
426487 160678
461678 594965
338177 412641
387419 627759
45983 327400
421582 132868
170404 379694
464483 4674
661067 910488
277106 693520
133794 262
913715 249458
145541 514598
611330 613489
796945 533794
388677 322150
441174 168161
77019 119454
373745 547372
78720 513062
221890 321217
84870 836741
628813 62927
119288 660828
695438 559412
732464 969353
756871 274703
496505 368951
136898 988817
861403 924540
993791 347177
492140 476793
548378 679271
473412 759336
648951 137901
303853 990188
276162 814209
