1 1
1 10
10 100
100 1000
10 1
100 200
201 210
900 1000
800000 900000
5000 5000
420399 530941
42569 61002
905 389126
41602 416020
52 964
964 52
916004 984623
317906 366666
19094 26137
2 2
820106 888888
1024 2056
46731 13746
697450 999999
437889 223450
111022 34190
400229 690657
98543 106248
506825 699289
2854 5609
348 871
152065 152065
9008 44102
765001 287813
93 97
923847 883192
93982 58856
167724 498632
78482 102468
12934 42005
823487 699223
4 56
2020 240752
5231 11210
500507 878641
142692 241853
52810 13409
699304 702456
100000 110000
2654 3891
9076 14056
