10 33
64834 2124
3883 222222
7784 7785
2144 3233
2144 3233
98765 6444
44343 333
322 3333
1038 3982
434 3333
838 8383
566 662622
1 1000000
74 83923
213 4393
19 299333
477 48992
2 16
344 47473
4222 44020
213 1
1000000 1
378 1238
1367 12312
74 82999
37 777
2111 90
90 333939
633 3733
3293 2193
54936 234234
583 2237
73 784
480986 243273
999999 1000000
67899 328132
48424 22333
4975 823948
694 2349
1273 112321
359559 595955
50325 656456
5754 405499
999 990999
438 37482
436776 676767
77777 777767
97878 67667
234234 3243
58541 4535
43521 45455
24344 5555
3424 4344
83813 12313
38583 35352