188829 101502
299873 361307
502982 609204
788905 812265
57812 212823
433680 330168
520154 610731
914869 833601
191061 184028
259260 264155
574609 577873
780124 898241
190099 200786
450203 421187
636221 744339
968172 912398
249813 91695
341564 491120
557589 689860
910504 977248
83804 158184
483052 320545
554645 658150
939047 966962
10670 139359
252056 368680
580061 718789
778719 772843
100445 1440
276356 258058
704800 502170
887017 854816
184443 91792
374997 369053
748873 539097
820358 985057
36273 170148
321273 298829
617706 732643
930371 815706
237024 123121
344518 265997
621388 709646
974968 783064
162810 130104
379696 262016
662836 659870
768140 760721
108844 37986
365599 419656
620136 667691
984995 791411
202329 243556
395786 411143
511465 644952
955037 893456
8315 30745
443129 263531
706157 683245
870772 898455
63237 174726
497629 454951
601356 604823
874735 752313
92942 173520
482382 489484
564431 530973
901514 957050
76888 129290
306634 455877
648102 689788
870364 929859
241621 166865
408297 375924
728236 719330
849726 907396
223798 141131
394734 272827
681514 546007
931875 873803
140492 160692
292921 356618
537605 720207
914719 893771
107635 121773
351016 258709
657412 736216
960155 902226
78580 229570
448285 253330
557183 500103
995913 968157
19031 128586
474057 321713
619198 706686
773719 870877
101682 114400
293093 267297
502404 591950
798568 759736
