769316 770168
652779 653484
83680 84489
141681 142661
182931 183535
215731 215798
896970 897101
308200 308508
132223 132968
619603 620576
197731 198610
404185 404724
587811 588590
907483 908158
487368 488311
558156 558203
841607 841974
762565 762966
176616 177616
11603 12417
376385 377160
628593 629377
586102 586626
927743 927801
209458 209902
523226 523283
399788 399986
280861 281354
130748 131490
521891 522580
641470 642340
485868 486425
375501 376224
932787 932834
427053 427621
253907 254445
753568 753894
936268 936499
140733 141434
372994 373494
282536 282582
48420 48444
294585 295315
846798 847546
1164 1215
624740 625266
401889 402557
455657 456292
514680 515421
811635 812410
671509 671851
780032 781028
750987 751801
20272 20339
745358 745842
980146 980327
556421 556607
911678 911820
742552 743060
216871 217638
83198 83542
713191 713614
893588 893848
198792 199108
351813 352450
68419 68943
755419 756265
756347 757045
442869 443267
193070 193327
266491 266808
51578 51891
693148 693832
852199 852708
892391 893293
204002 204954
6041 6351
784456 784953
910816 911469
386811 387650
965473 966443
872758 873282
84435 85332
903588 904257
559524 559678
706294 706720
438169 438217
740521 741245
948415 948426
400355 400414
279378 280127
840149 840343
367518 368455
671048 671296
651051 651746
769288 769440
371676 372209
28746 28983
639924 640784
583935 584373
