1 10
100 200
201 210
900 1000
116630 161658
23415 20632
397344 420537
913726 838945
726925 791913
51089 405442
107577 677013
469223 9433
212167 437063
438586 707841
75480 545802
285846 872996
945500 386926
623861 655780
830676 549642
947077 239000
561355 668407
56778 456203
396071 846399
818664 16055
212804 437074
966578 447886
166517 147896
843185 677127
533436 611122
14504 438661
220298 494151
48806 597114
20170 129430
270646 966980
147692 647388
701156 909769
358450 832808
84554 178229
547408 720464
929305 82821
649197 933544
211920 742350
652251 305627
926533 598204
483679 927780
634186 727426
863249 561108
374508 990294
698003 554996
100773 192037
385632 498501
255367 933485
317481 139060
987780 861221
665842 693075
566057 798115
320793 908680
633061 471382
59097 766302
612235 951362
509516 969456
928561 81
919373 745447
344193 442015
589984 774978
54405 104594
918065 161865
807319 989711
265557 330383
143206 279808
427200 95543
14919 928077
757184 546492
798401 596201
451221 976419
455370 854782
764739 621261
61491 707912
49955 551923