1 10
100 200
201 210
900 1000
579874 580447
428360 429550
920324 920450
866329 866862
926023 926056
962100 962875
813855 814162
524232 524257
763806 764694
59313 101644
672679 678679
948401 949122
40201 96818
287058 288317
820800 820923
751552 753560
878579 880393
720330 720593
344272 345246
893765 896779
235089 236786
706770 709596
900921 901085
825568 826219
523247 523287
510129 510208
265296 266315
626133 626244
216051 220086
26904 58904
543993 544005
770961 771499
916143 916381
244476 244745
309211 309242
521257 523033
343258 353531
451354 452028
28379 98263
842601 844321
587623 587954
561365 564885
540978 541304
851630 851789
647967 648596
446035 452269
108173 113281
238138 238937
246434 248678
555013 557888
277085 280484
213655 223230
61245 106787
365608 366604
72102 91933
585405 586718
612277 612487
97226 101559
814390 814399
417327 418400
215892 224395
13644 50578
677118 680261
793074 795996
495651 495728
124418 131362
250908 253461
911299 912157
135964 136078
53700 93918
533520 535944
694076 694119
552547 553014
787081 787308
657752 658995
301318 301556
572882 573823
559783 559783
274480 274562
897135 899293
8357 24937
153044 153138
226746 226759
851678 852138
379693 380832
