1 10
100 200
201 210
900 1000
881562 986194
198705 731774
714878 781131
701088 991202
99382 884420
269158 928264
820524 890106
769230 783099
345290 716554
660087 952098
847815 869947
738617 883602
52287 347008
455842 632888
998440 999241
902280 961795
622101 820415
250279 291825
870580 881581
273133 881955
73185 220875
55244 984048
929431 977222
283815 741072
551633 598604
885666 919640
892212 993511
724602 741498
489534 888242
198839 878435
746810 781501
328907 882873
777887 955508
695873 733011
231971 477456
14767 894951
391029 570806
21135 445266
739222 987737
606351 646749
784598 805215
406242 777737
284628 678230
280743 655708
854494 870877
982606 992795
981417 998337
426500 587988
586701 949459
996280 998920
632604 850676
611793 734447
5155 221507
879877 946617
223631 438140
587091 825675
567298 864442
308703 811429
939197 974681
618441 674231
674411 675728
43122 64246
405584 694956
345937 501409
918661 942929
823166 898667
776514 911505
138504 176556
943234 971992
505055 902262
44350 927200
28209 668349
863766 976949
382557 960103
264277 610345
924251 995640
538664 882755
487218 667601
1675 810697
327469 429316
380281 997184
438647 962218
906741 969555
982024 997458
596004 611463
965984 993351
503082 936314
485647 860216
141358 644097
101588 630922
816567 935942
212242 761244
674425 690798
633987 982404
365990 447314
