1 10
100 200
201 210
900 1000
250 2500
5000 6000
7 46
8000 20000
1 1000000
20 40000
153789 236389
567345 830583
799666 640619
714814 733394
466919 924928
116505 954403
187223 522212
507708 576197
1 1000
1001 2000
2001 3000
3001 4000
4001 5000
5001 6000
6001 7000
7001 8000
8001 9000
9001 10000
10001 20000
20001 30000
30001 40000
40001 50000
50001 60000
60001 70000
70001 80000
80001 90000
90001 100000
100001 200000
200001 300000
300001 400000
400001 500000
500001 600000
600001 700000
700001 800000
800001 900000
900001 1000000
12345 678910
3 8
1 1
1000000 1000000
1 2
360332 431498
 745441 70301
 120263 477862
 278665 583046
 788846 44341
 533378 524384
 452679 739795
 931437 232964
 282671 322941
 516458 18664
 706257 260498
 732380 440396
 864728 935244
 948890 757921
 366731 990619
 981485 860143
 570284 926764
 748446 723748
 733052 290136
 380443 1939
 384728 167087
 139240 584507
 633865 635835
 248494 723716
 968811 233277
 869746 514032
 872913 274676
 506169 221135
 639038 10417
 696165 175113
 953427 728047
 406807 851299
 153303 502328
 810913 533634
 722068 220574
 773467 768697
 43285 271941
 28676 665130
 142489 450693
 625640 452859
 695371 376175
 108140 599388
 794107 217108
 426427 954342
 587891 484497
 665139 84560
 465500 781390
 746128 846328
 692531 677223
