1 10
100 200
201 210
900 1000
1 1000000
10 1
200 100
210 201
900 1000
1000000 1
10 10 
9 10
10 9
1 1
2 2
106 176
176 256
21 24
7 29
1 100000
100000 200000
200000 300000
300000 400000
400000 500000
500000 600000
600000 700000
700000 800000
800000 900000
900000 1000000
1000000 1000000
837999 838000
297534 866070
583935 584373
3527 66414
600 450
546865 349251
769316 770168
30887 89384
25100 24910
8000 9000
3527 66414
523226 523283
797992 119710
1 22
333 4444
55555 666666
1337 1337
123456 234567
345678 456789
567890 987654
876543 765432
654321 1
687 5309
1302 3600
7738 3716