1 1000000
1000000 1
11 40000
12 60000
30000 60000
35655 52527
35656 52526
35657 52525
35658 52524
35659 52523
152122 180292
600421 842950
400231 800249
600000 750000
500000 1000000
900000 1000000
564156 633162
682532 797927
476867 242558
232885 683677
704745 155016
224960 332927
541505 871286
651050 707920
494047 275069
394319 805351
483829 36713
79011 419619
220025 263482
261073 94712
134103 972813
814475 286958
747464 712531
264513 221144
641914 577631
264166 535665
21172 115905
950256 310011
814349 64187
897846 861244
31301 946013
341974 393087
654658 944545
764237 338119
45599 910801
469324 23552
834590 130714
115751 940313
503131 635581
812458 417424
958208 486298
116713 707315
428259 883941
650405 841382
886299 956021
193739 37746
242412 71038
595058 516590
295084 391315
978122 902548
589692 808218
612228 624082
669265 953481
157516 593365
782074 335919
445883 579791
785878 240814
709838 816718
50000 50001
50001 50002
50100 50200