1 10
100 200
201 210
900 1000
1 10000
1 1
2 2
2 1
2 500
200 100
101 1
1000000 1000000
999999 1000000
999999 999999
1000000 900000
71410 82246
917256 955726
346381 132743
417353 349413
906635 541133
47578 114359
74666 166132
700714 780378
253 722
672 505
711 747
160 896
496 843
11282 11469
12471 17795
17337 19561
13169 17870
12559 13625
13852 14822
11447 15211
13183 17808
736104 736226
701912 704388
723701 747208
720746 748063
704097 732847
710321 744217
716598 738991
969043 967672
971476 983518
958564 981139
976999 957710
976630 965440
973582 960674
7076 9258
4885 8904
1491 1491
7891 9668
3276 3508
3705 6950
8527 3913
3840 7784
6982 3117
6178 7181
2383 9013