1 10
100 200
201 210
900 1000
111 10000
55555 999999
1 1
10000 1
99999 999
200 201
2 1
1000 999
999 1000
2 22
20000 200005
2034 2157
193 5976
92374 49603
8475 5906
19456 69708
29385 39485
203944 495060
29349 29304
259066 304955
48599 48599
29384 59607
99394 99395
29304 30495
99834 99999
100000 100001
3905 3950
39444 49555
30293 39405
10399 19304
49503 39485
9485 84958
93845 85930
938104 384955
938495 847588
9384 8458
18394 29384
39204 30495
3333 33333
9999 99999
19384 183940
194055 596040
1049 1321
123 1234
1324 14235
10596 10456
101 110
110 101
132 1334
1334 132
