1 10
100 200
201 210
900 1000
1 1000000
323 1212
5047 45745
48458 69676
6796 99999
569569 232334
96734 354545
64531 987709
551 347458
96 98989
78089 67676
465549 808087
909090 979797
122345 58532
6676 12
1 457
4523 686585
74545 686967
565 58546
348358 343436
6 6
458696 232312
10304 437341
959592 57867
19324 56839
21643 658670
856943 348291
549403 67056
166865 141244
607954 867969
74383 675432
654 567
8543 8743
98 87654
987054 87533
7644 45678
89776 7966
22544 980439
2399 779459
96483 98965
28067 507890
54243 670678
98954 439210
99548 318210
78956 780548
93 672382
6783 2
568329 6783
8337 679338
