1 1
2 1
1 2
987987 987987
1000000 1000000
987987 987988
987988 987987
2 4
2 8
2 16
2 32
2 64
500000 1000000
1 100
101 200
3000 6000
5500 6000
3426 4134
555 777
1000 2000
999999 1000000
32769 65537
131073 262143
2500 7500
25000 75000
250000 750000
970421 970423
44293 47513
30977 388699
1999 700001
759037 999983
1 1000000
1 500000
500001 1000000
1 250000
250001 500000
500001 750000
750001 1000000
1 125000
125001 250000
250001 375000
375001 500000
500001 625000
625001 750000
750001 875000
875001 1000000
1 62500
62501 125000
125001 187500
187501 250000
250001 312500
312501 375000
375001 437500
437501 500000
500001 562500
562501 625000
625001 687500
687501 750000
750001 812500
812501 875000
875001 937500
937501 1000000