503700	625466
882008	973841
750683	979065
169052	819246
98349	332765
81104	703085
139860	642014
108062	631799
963554	969237
585543	939831
401896	602312
266497	839273
98866	333575
963229	967258
264484	780337
107005	249834
900345	935168
785348	885603
839711	990789
728384	907010
214083	782253
604854	688809
494510	846221
665319	758709
214935	808357
92922	811372
347615	353121
834390	994226
303854	640186
534	875571
209980	823652
527398	920988
920225	964481
727770	903991
926621	989940
999777	999948
132387	574482
856130	973158
224731	243898
640621	987470
321681	653029
419024	645314
828709	898605
391043	874703
274770	336378
404411	848956
790473	938884
909669	957160
620518	979047
257577	652577
729477	899685
772304	917046
858175	949602
626941	960775
87789	872793
499798	762283
830003	901485
540623	588560
756457	953960
428643	472487
204011	985150
832298	926181
841929	860631
110347	586985
840592	957465
595703	610395
702696	975106
778353	791850
897658	997289
593463	902158
734654	874924
