1 9
100 200
201 210
900 1000
1 1
9 9
1 50
1000 5000
8 9
514167 655615
420849 608251
783285 955552
60272 175201
221474 834459
142067 824069
224597 740577
34567 34568
380288 832556
15348 553638
388868 556676
46982 886170
163788 416146
172215 486373
658506 879040
237166 319614
8165 625935
90028 2363
20060 68691
13927 97764
83427 80541
55737 89173
95369 5212
56430 2568
21531 65783
65124 22863
3136 74068
79803 13930
23059 34023
98168 33070
18457 61394
78043 75012
77374 76230
44920 84422
98538 13785
94325 75199
64371 98316
3527 66414
500014 648711
24685 68957
167825 346857