1 10
100 200
201 210
900 1000
1 1
1 4949
4950 9737
9738 11578
11579 13025
13026 19363
19364 22056
22057 26801
26802 35010
35011 44688
44689 47146
47147 55236
55237 55252
55253 62955
62956 66023
66024 74030
74031 75657
75658 85418
85419 95440
95441 95949
95950 102162
102163 108768
108769 109361
109362 109825
109826 120488
120489 125546
125547 127298
127299 138739
138740 145447
145448 155502
155503 165144
165145 172009
172010 179703
179704 189199
189200 189892
189893 196272
196273 207685
207686 215588
215589 221137
221138 223305
223306 232975
232976 233632
233633 243857
243858 254782
254783 264435
264436 276492
276493 282762
282763 288373
288374 291719
291720 292051
292052 299691
299692 304779
304780 308592
308593 313680
313681 317317
317318 330642
330643 343647
343648 351064
351065 357613
357614 372179
372180 379139
379140 386557
386558 394768
394769 402931
402932 405689
405690 406179
406180 418089
418090 421679
421680 427065
427066 429117
429118 446600
446601 447252
447253 462145
462146 477525
477526 494307
494308 497377
497378 505569
505570 521693
521694 532211
532212 536189
536190 547245
547246 548304
548305 568364
568365 586400
586401 589028
589029 603887
603888 615144
615145 616168
616169 632311
632312 636705
636706 646624
646625 676606
676607 678404
678405 708464
708465 736918
736919 773552
773553 787745
787746 802768
802769 865712
865713 886007
886008 999999