1 10
100 200
201 210
900 1000
1 5000
161095 837869
794776 924141
908799 992050
220206 485917
265790 681713
865926 880639
340476 371504
815740 994146
342453 435761
367468 960603
831237 836537
681336 723594
278786 659064
931249 935049
794211 822784
490531 685527
123556 985236
273967 890677
683741 804540
859366 939744
455598 808799
332017 493129
197699 667331
855364 958788
186932 861835
274489 749409
860329 871948
682480 917867
530829 739583
268290 785805
943684 993774
291898 626936
443605 486663
751445 758237
179342 257927
267825 956992
212413 695928
247077 327766
25910 948068
5501 758025
836308 917168
38643 210105
753143 923095
9824 197064
853189 949058
513968 789338
500686 713075
188747 602071
442240 590777
607893 697932
839811 975995
348539 378382
660310 844034
498917 543294
212786 298806
760436 880822
35265 58394
823079 984952
199563 725331
96810 637410
674040 970790
856339 930845
238287 533270
139039 271521
452846 871570
227734 552526
305451 359740
901159 944160
917513 977519
80866 712124
393068 884820
931254 952465
729697 787599
17101 459001
198229 744683
998860 999308
109713 578267
491089 744782
161401 929116
831619 929486
159532 188749
996841 998708
607900 997210
563952 871818
799165 822736
233083 866481
54259 285557
153267 329943
230927 674839
858724 881523
980524 999283
977000 994484
964625 966025
276016 849690
17954 691517
