239855 396742
23978 47687
600931 738854
65448 121814
82485 105752
319132 506175
55759 288783
584227 616218
15811 26418
12712 430892
244121 916261
198849 787184
21502 102170
1506 3872
34191 213495
151956 232440
468389 884304
621510 929813
1146 107810
187559 337570
663579 818582
28929 813173
394784 906869
133669 302517
548685 758478
193653 544310
21411 76396
401882 832100
456073 980413
200446 224032
536755 775348
41735 532839
504003 716358
9283 77851
123356 604606
692145 893691
693888 739677
25258 485044
76391 344381
421482 534877
476090 533956
602862 833788
32385 63038
149278 531127
683413 739382
226205 646237
6026 299445
99179 895127
173259 188237
560487 653048
17063 87209
108696 456852
427476 684523
56562 246566
153980 177280
433348 575490
320672 331938
489090 787767
14596 867726
159723 268265
171891 877932
170224 175200
161518 191874
15079 91915
630006 859189
116240 614577
312136 403645
657137 790591
267739 948570
426930 762181
33269 102204
56855 816305
490927 506085
242938 302344
78726 273418
741871 885011
844418 870428
34763 192989
654062 672520
233075 350010
369559 480809
345458 570225
467557 587743
311331 749239
199918 249754
475496 503439
599663 886487
279848 290297
1903 74166
333211 619455
779977 862941
39738 71309
305727 961319
318431 873999
13574 166206
5580 98900
148841 529730
358241 410167
168684 338323
52661 488944
