1 10
100 200
201 210
900 1000
375579 595672
923093 771858
488258 50941
789760 321258
262589 990118
638454 584307
130225 451763
976253 895310
278641 298761
445142 329929
568068 390595
359489 163087
843873 85887
513202 929523
609309 345771
158847 164287
777700 730277
945555 552642
602707 351189
219423 375136
197678 576447
665512 726946
690311 67237
192054 723883
76494 332962
836131 439665
224480 855889
834998 641039
961658 740550
990703 351235
912179 270971
339828 5815
964874 324073
853587 368739
236972 718505
681658 115268
666371 135853
595797 961965
486268 865274
444534 573689
72680 416070
491510 941407
131694 975530
516509 666978
331529 694912
667258 547289
680144 142751
91794 475695
920723 738394
907279 202334
113506 417111
583377 844300
26496 231515
653910 941967
764756 593245
555396 925175
476160 872
909743 413070
42260 436158
967168 743722
739859 43402
969604 600494
410027 670384
105272 175255
699541 242254
243479 541049
809011 598560
820743 421126
703055 118702
406416 218018
441654 544344
69709 592206
943224 977272
562250 15692
491952 641911
164713 448012
717331 782816
378484 525996
450276 739412
414583 401070