1 9
1 99
96 98
97 97
850 999
837798 837800
837798 837801
1 837800
153044 153138
893 983
45 765
657 2546
111 222
213 1241
77 777
789 1231
36328 77085
128 256
253 29
280 84
786 419
271 382
330432 154017
499703 5657
742301 547923
189624 147477
634696 820147
377205 434719
495345 956557
967639 483321
18612 689609
756774 162139
482799 451901
720111 289829
266737 999471
411075 501735
679146 718140
848483 282524
126908 184160
981708 80294
303836 297535
725738 560252
848233 454469
725985 896430
408210 681550
5247 22445
797410 14183
638081 978831
476362 486241
237039 413326
225043 957041
58737 751263
392957 716471
489413 158042
742248 744675
54069 105368
349873 147276
309867 999711
46698 904323
833945 124454
440147 630145
335573 113567
251035 320529
757074 148507
420335 171504
403889 702179
205770 241789
62017 638235
514133 771562
334912 504270
664429 276097
245707 230634
