117981 114871
103855 37587
447869 447046
122215 114183
103508 33724
58315 1890
66115 34416
12491 9631
70804 68965
602380 598089
615835 613515
6421 67267
487230 487558
18877 33975
99995 41857
22162 24215
28055 23689
52530 8196
21294 6836
70821 48803
235933 231173
19159 28415
55 84316
121049 113707
22121 3774
934862 934343
67577 11553
88579 82725
89601 22718
53368 48376
933622 932341
111201 45326
221457 219897
63182 101399
74498 61896
47927 60443
743737 742964
451610 452349
380609 379728
22203 113108
18753 61032
21533 84462
89772 55585
97451 101457
41373 43109
9019 70302
109462 94214
222156 225453
70275 30736
18201 16624
756678 757199
87325 46368
592967 600286
81021 34671
495819 496856
685183 685418
65443 59445
14804 102167
27150 90167
69535 79104
92092 32887
799597 799388
87960 671
92002 45456
90109 32687
631312 631437
82767 112695
99900 95557
72308 87176
108301 100253
95624 89683
36144 52843
35449 109894
142417 148137
446459 446353
20338 18954
33069 92083
524705 524423
116637 119194
597549 601234
53614 76788
99404 102462
13227 86665
63387 14969
108400 91495
105548 11478
88425 22554
104095 73886
355 81466
57489 88627
235112 230313
86412 88805
364077 365599
41029 26386
77907 26679
59596 81367
381423 382600
77147 35146
74292 73758
