1 1
1 100
1 200
1 300
1 400
1 500
1 600
1 700
1 800 
1 900
1 1000
1000 1
900 1
800 1
700 1
600 1
500 1
400 1
300 1
200 1
100 1
1 10
10 1
100 200
200 100
200 300
300 200
900 1000
1000 900
100000 200000
200000 100000
300000 400000
400000 300000
500000 600000
600000 500000
700000 800000
800000 700000
737798 689849
689849 737798
784432 914614
914614 784432
555321 120454
120454 555321
94493 864858
864858 94493
447032 857304
857304 447032
759443 292266
292266 759443
746295 472334
472334 746295
695146 757232
757232 695146
763869 441395
441395 763869
635755 607056
607056 635755
513821 977254
977254 513821
196543 600000
600000 196543
458703 368412
368412 531632
531632 851496
851496 972449
972449 851496
544192 85996
85996 544192
776662 989659
989659 587369
506093 377478
377478 506093
724607 953922
953922 724607
748469 414642
414642 748469
506232 438035
507361 221469
495545 596287
339285 295214
606012 427045
153169 283515
727351 345694
993944 238206
892333 302850
858122 374464
60087 616062
732884 186264
474164 111097
467256 757067
635648 800739
786531 765788
95220 599573
860788 15839
611226 5636
366996 95564
170454 54163
933766 684235
668010 538451
237137 475961