1 10
100 200
201 210
900 1000
1 1
1 2
2 1
1 999999
567 892
789 1231
451243 451245
451243 452873
451243 467901
999231 999123
998231 999231
999993 999999
245134 763192
28082 416721
377598 199767
234383 817337
891040 717431
433881 148427
515085 985208
300660 660953
544957 120303
338891 424830
114463 23424
469026 839152
287565 426179
122905 389592
255244 796830
630818 399473
579548 543392
240487 912406
747432 542364
260040 501745
539597 742155
441385 417800
865264 847395
74567 272123
507301 490094
269016 641365
