1 10
100 200
201 210
900 1000
3450 6543
3450 6543
15000 18000
64790 98344
5 5
200 400
150 180
10 15
1 5
3 9
10 11
150 180
700000 800000
689000 700000
150560 200543
765 879
950 1000
78 80
99 100
30 35
100 115
333 444
57 76
3678 4567
10500 12400
11111 22222
876 999
1001 1007
900000 978978
654 678
780 788
234 456
777 875
99 100
5 6
333333 555555
1 260780
1 167
35 38
44 55
7890 8890
656 7878
457 555
384 390
432 478
14500 16600
325790 456900
556 580
444555 666777
4560 5690
67678 76769
11223 22334
77664 88775
1115 2323
7899 8999
111 222
555 654