1 100000
100001 200000
200001 300000
300001 400000
400001 500000
500001 600000
600001 700000
700001 800000
800001 900000
900001 1000000
15889 71571
90263 160576
128742 84770
32730 49532
11403 184671
190925 88851
31088 95634
37275 19733
34195 15234
197063 50276
238744 278983
290297 352455
261767 251932
346586 202676
254513 295824
371936 215483
260170 323534
326372 350464
224875 344194
362127 372600
554260 485924
598098 403991
433564 513961
457514 425059
470646 408231
468111 430503
564150 408958
468445 555031
408555 542101
524669 421979
793673 707586
634735 697909
691024 632130
781189 643301
637254 680009
674980 655337
665809 788913
782390 653379
776919 762576
712699 686661
849915 839397
883446 908094
927621 928677
822972 934783
902456 970111
856447 979689
921433 859013
843447 877478
963623 935815
812817 872097
