30887 89384
36916 92778
38336 47794
60493 85387
41422 16650
90028 2363
20060 68691
13927 97764
83427 80541
55737 89173
95369 5212
56430 2568
21531 65783
65124 22863
3136 74068
79803 13930
23059 34023
98168 33070
18457 61394
78043 75012
77374 76230
44920 84422
98538 13785
94325 75199
64371 98316
3527 66414
68981 76092
41874 59957
99171 6863
97282 6997
20926 2306
36328 77085
26506 60337
21730 50847
25858 61314
53896 16125
546 19583
33368 98815
90365 15435
13751 44044
26809 71088
47179 17277
93585 95789
2652 5404
12400 92755
95061 99933
93369 49677
10013 47740
98587 36227
97540 48095
3527 66414