1 10
100 200
201 210
900 1000
579587 672763
214206 730204
522072 516077
487238 971446
298511 207944
752934 416020
169590 900903
455344 886567
474151 585483
302223 591262
90702 297803
722394 259972
272509 110018
562787 48555
691213 484926
118093 12507
315311 239088
753498 304429
64047 540096
943627 256173
848357 936607
266217 66912
357398 40734
77206 204250
715161 338258
928216 741688
481240 740108
871789 283711
956218 979214
684683 849459
363596 31845
491108 430515
948565 364199
619841 298863
394406 692034
542217 584624
63933 417601
960271 966296
819928 547330
762428 345993
896185 937438
669102 383457
642391 369785
338433 518771
364649 437590
982073 549389
236453 235942
384656 785052
27200 490932
674382 311521
354408 530015
129506 48720
800985 910896
823053 896046
534539 530390
819737 64324
470282 148401
913671 43902
981875 550430
808864 779008
607964 278659
923661 592343
757204 855352
473346 495997
225649 346277
326640 5665
194839 960605
200286 860916
221138 306015
14703 298920
191215 224097
432919 750847
575516 494000
387276 313756
63835 96138
