1 1000000
1000000 1
74999 76001
75001 75999
8691 7134
333333 333333
900 800
2 999999
684492 133878
524811 520548
555698 901369
965682 650655
535020 962832
359274 974921
978125 28840
147594 239489
213453 775112
567350 468767
485109 156395
113791 233826
420359 72871
399359 349686
888241 744008
202157 383219
727296 202555
502263 131204
620057 293570
856394 1876
630653 797864
396551 296212
369955 525909
361947 362111
251543 960011
371645 474014
299064 281686
769817 871925
847195 63483
316172 228697
127216 578024
415443 40310
390095 103352
159014 419641
112322 52498
330559 576628
536371 461702
612294 47136
615810 859136
997082 368225
776658 613730
901901 732994
83236 429061
930676 4081
339193 848588
992615 274683
257596 890622
129493 942220
221489 212330
906954 72182
1998 810547
266013 402380
587155 525435
458068 758632
287324 410748
307086 744858
128062 257868
191960 412966
248109 926256
637501 549140
684022 440008
285193 75422
365665 10384
437154 604167
473179 540257
239604 247728
141727 976582
49247 373930
681973 794091
769273 354905
