1 10
100 200
201 210
900 1000
1 1000000
1 1
1 2
10 10
2109 3839
92038 129399
100 10000
12983 82938
4567 8953
12 15
1234 6789
97480 99000
1900 2000
2489 4889
31456 98547
12576 65489
36 70
354 890
123 678
8965 136997
878987 999999
26758 987000
738 3840
849 4820
592 600
567 893
34592 34592
24592 24599
83282 378180
156916 350288
30350 936847
108 4143
1964 5770
5154 7282
15796 45912
24 5171
61 635
249 777
324 28209
61927 61945
806 76335
310 378
609 964
1938 8390
544 810
57 65
10 12
27 63
17 32
220 469
32 624
4070 7540
6601 6626
41408 50215
51014 64114
23837 29478
17000 17057
7745 29829
7 74
82 395
234 299
20 50
102 394
2093 3920
12293 12903
103 839
1 83
9348 9348
2948 29838
1038 73823
3 7
