1 10
100 200
201 210
900 1000
1 1
10 10
200 100
1000 900
1 200000
614253 790574
579057 691226
352016 74576
113017 446510
114112 767232
560947 60230
581677 591781
182975 516505
886679 16836
358694 653105
290104 284841
993544 149915
685747 235904
699855 430083
965128 112218
785490 982746
812782 341831
60929 976308
246258 812144
454777 346511
281338 321185
794139 726737
199878 525037
728942 101526
556294 491180
247528 191279
109858 411463
319947 802977
69109 800664
381161 25548
363211 344459
670540 461211
478786 736449
653774 161786
759057 969634
911311 606104
846491 195196
235173 914591
193741 598774
761793 726573
889847 853395
113950 964179
989208 175514
197846 678459
124688 625999
211925 633630
161883 629765
468356 10422
300779 628213
526743 927043
