751 905
39804 43998
449568 492746
843121 863746
4224 4614
2342 2773
19790 21901
933443 948781
1589 2899
6459 7649
56677 63385
901849 954379
1558 2169
45676 49859
119679 148609
308177 614976
3092 3469
25494 46459
83879 95865
706155 811093
3884 4211
46679 48274
455371 485416
894424 960681
568 954
16417 31235
72847 125939
969903 971412
4635 4833
32202 49221
257025 489840
906644 995067
4800 4992
26268 34992
478400 494909
989075 989077
2225 3927
41587 42097
493844 494881
349508 371883
3309 3791
28530 31151
480345 481913
791745 929695
4757 4768
34838 49350
189498 321744
374445 502881
4671 4743
36755 48030
393836 431047
432730 674932
1085 1243
9288 11370
64815 79175
737517 856948
2551 3155
31018 48062
150260 235648
220756 353235
