100 1
1 1
45 12
1 5178
5179 13015
13016 22625
22626 31577
31578 39104
39105 40281
40282 47567
47568 56020
56021 58283
58284 61116
61117 70064
70065 73703
73704 81855
81856 88024
88025 99191
99192 111176
111177 116100
116101 124666
124667 134933
134934 141159
141160 145684
145685 147236
147237 153516
153517 162515
162516 167775
167776 178116
178117 183233
183234 185583
185584 196810
196811 202966
202967 206057
206058 206937
206938 212111
212112 217428
217429 219480
219481 226258
226259 232973
232974 236744
236745 239259
239260 251451
251452 261078
261079 265824
265825 266920
266921 272614
272615 277450
277451 278285
278286 290526
290527 295179
295180 303051
303052 317854
317855 320040
320041 321061
321062 336812
336813 349288
349289 351133
351134 362811
362812 368990
368991 377545
377546 383368
383369 395940
395941 396577
396578 401594
401595 408279
408280 411157
411158 414455
414456 430274
430275 431833
431834 435360
435361 448436
448437 467558
467559 489935
489936 492155
492156 498436
498437 523247
523248 526157
526158 542084
542085 551665
551666 578050
578051 586403
586404 602005
602006 607643
607644 632732
632733 678048
678049 714809
714810 753496
753497 788634
788635 825495
825496 833182
833183 898428
898429 999999
