1 10
100 200
201 210
900 1000
1 1
1000000 1000000
800000 900000
27 27
837799 837799
400 500
500 600
700 1000
1001 2000
1 1000000
999999 1000000
888888 999999
777777 888888
666666 777777
555555 666666
444444 555555
333333 444444
222222 333333
111111 222222
1 111111
1 50000
50001 100000
100001 150000
150001 200000
200001 250000
250001 300000
300001 350000
350000 400000
400001 450000
450001 500000
500001 550000
550001 600000
600001 650000
650001 700000
700001 750000
750001 800000
800001 850000
850001 900000
900001 950000
950001 1000000
1 100000
100001 200000
200001 300000
300001 400000
400001 500000
500001 600000
600001 700000
700001 800000
800001 900000
900001 1000000