1 1
10 10
100 100
1000 1000
10000 10000
100000 100000
999999 999999
500000 1
50000 1
5000 1
500 1
50 1
5 1
1 2
12 34
123 456
1234 5678
12345 67890
9 8
98 76
987 654
9876 5432
98765 43210
111 222
333 444
555 666
777 888
1 999999
999999 500000
500000 250000
250000 125000
125000 61250
61250 30000
30000 15000
15000 7000
7000 3000
3000 1000
1000 500
421412 215892
21051 12580
12512 5250
25151 325732
1241 42189
242 4221
5698 125815
512 545
17 76
1136 982017
1010 101010
1 10
1 100
1 1000
1 10000
1 100000
1 999999
100 200
201 210
900 1000
213 1241
21510 7498
21 87
18 86
20 17
5 187
1 3
1 4
1 5
1 6
1 7
1 8
1 9
77 777
747 13
2187 12412
13579 24680
1 10
100 200
201 210
900 1000
50 250
900000 999999
2999 5000
333000 500000
500 500
80000 700
344998 890088
2342 5666
23234 43432
111 222
800099 899999
234 567
99876 98699
10 20
20 21
90 100
5 25
90000 99999
299 500
33300 50000
50 50
8000 70
34499 89008
234 566
2323 4343
11 22
80009 89999
23 56
9987 9869
3443 34344
4324 23234
232000 555000
2334 9879
12123 32324
98 888
1324 4322
12344 65554
40000 87000
98766 23243
122222 211111
3333 4444
1 300
999999 999000
88880 88880
12321 23432
33 44
1 3
1 10
100 200
201 210
900 1000
765952 279063
563496 401330
814955 610744
491425 424201
780590 735994
728021 445751
969148 200835
653181 163985
963255 472991
931720 925201
275795 82135
582003 326483
834687 559659
535830 202382
568332 79489
269549 130858
809703 255654
691770 66234
485185 131610
917116 355060
470491 320385
857877 840233
806877 116828
819871 292748
701209 274673
625614 37647
61603 78646
862672 588175
485691 36590
548568 321631
841241 766078
845894 105535
756495 236479
927992 158530
361689 38195
841240 761870
789236 684413
985543 580781
750778 527566
777701 398555
278144 21325
770694 222984
686987 108425
974442 689692
838012 714262
697589 461418
688544 212282
694890 144833
875742 430423
874303 219699
947894 12020
144664 6008
826156 285565
679632 608520
990449 739161
971915 296278
747796 591337
815799 328920
697204 661242
741551 198024
494929 76384
647083 471931
839995 33849
743519 430816
544457 434685
872716 366283
718502 343894
300962 162701
784919 676874
904143 504620
821711 378435
776339 289373
257311 187092
582577 501027
909448 714189
77468 99322