1 1
4407 2970
3296 3314
3189 1275
717 1322
221 2568
1830 3840
1253 3507
3345 334
3549 33
2714 3172
1318 3094
2179 1178
774 3693
3699 4821
4282 1173
3714 4873
903050 579905
702899 197624
589934 730338
897098 389159
544448 550592
906909 508510
872112 664661
786467 260202
293582 149955
19645 586696
644714 228053
237296 550558
685414 43440
229742 235680
481944 806064
633495 250306
560424 592601
207341 519659
842536 307495
68656 767458
523356 271562
219051 10318
329726 491609
72523 673725
560326 334995
308994 737429
983289 943785
129947 761906
284544 452218
352202 68139
90752 239162
240524 461065
407334 938932
778675 618864
233909 961695
689782 67206
85165 173750
594699 7243
531250 756754
195722 957586
663149 541883
466118 797339
432346 565083
354852 614319
678845 925158
17352 76977
340790 951635
957254 10545
628766 570481
502798 669304
194907 344676
286581 41854
829765 708598
708195 556390
634686 362333
687121 214702
477606 595605
261743 731967
243157 833228
957357 108742
773250 21484
458754 336097
590929 375853
371291 598839
50454 86356
756772 945607
546128 623325
868337 511018
58330 993799
28324 869904
380827 83453
136439 233302
504961 637870
891715 53334
214345 289879
43483 800772
555998 997362
128971 21680
478285 522151
966714 612310
753574 686892
648069 860648
843346 763179
