1 1000000
1000000 1
837799 837799
1000000 1000000
1 2
1 500000
500000 1000000
1 837798
1 1
2 2
4 4
8 8
16 16
32 32
64 64
128 128
256 256
512 512
1024 1024
1337 1337 
1000 2000
10000 20000
30000 50000
50000 80000
70000 110000
900000 1000000
999999 1000000
1000000 999999
50000 49999
500000 499999
999999 2
1000000 837800
900000 837800
433 475
497 5311
5913 6117
6719 6923
7129 7331
8337 8941
891 1441
2332 3773
6105 9878
159713 258421
418134 676555
10946 17711
28657 46368
75025 121393
196418 317811
514229 832040
832040 1000000
24689 41012
31418 21520
231929 414357
910323 323019
