1 10
100 200
201 210
900 1000
10 1
99999 200000
99950 231344
103590 308323
2 5
999998 999999
215381 905873
524825 634322
540989 923784
178559 661496
253469 774666
206558 563628
68910 127504
517502 25021
807780 577348
632205 770709
101617 777625
701232 151142
905561 274403
515959 3085
401411 976725
957285 937840
50204 3057
972234 26581
541437 208315
113633 961247
591290 387859
431026 656960
906671 955683
615842 433155
38515 164792
852768 431259
326327 600492
793725 18606
720384 188509
200022 370396
588335 143467
590947 959567
401357 116555
725480 776978
838841 474319
976843 321798
667209 839939
37065 188538
574478 715678
826735 99024
682386 389058
491639 534456
991757 724823
195920 194600
226870 948001
334361 694098
503842 428218
827444 849848
186938 838939
874261 409950
