1 1
1 1000000
1000000 1
92 31
67 52
94 34
37 81
91 64
93 54
59 1
44 60
7 83
98 21
253 29
280 84
531 625
12 835
726 55
982 41
17 809
786 419
378 862
271 382
3470 4472
3295 1206
3116 707
837 7951
1236 4210
68 9797
5994 5076
620 2561
359 2482
7446 5247
59115 25907
83772 54543
64970 34202
20037 51678
77446 22477
84031 15525
75575 51572
3002 93984
322 78123
12401 93770
112304 889608
53468 652997
48596 218064
779881 856148
926021 211217
576941 442053
735005 7297
494275 739599
164044 133204
398579 593706
