1 1
999900 999999
1 1000000
614958 612796
146436 145628
462827 461476
868412 867806
753953 752941
953831 951448
922378 920152
704038 702258
801573 800854
266056 264102
825257 822872
488580 486475
799418 797652
631260 629042
392982 390873
258574 257194
770725 769840
608244 607928
731173 730623
536318 535074
21981 21708
105436 103055
757933 755751
437723 436844
776739 775229
306829 304574
616318 615961
879494 877454
610070 609120
212699 209782
653482 653333
32941 32899
439696 438814
482640 482580
215385 213222
192629 190877
516465 516031
104620 101810
18714 18469
724665 724034
454184 452173
773219 771898
818201 818179
462249 462156
923846 921394
901597 900626
864796 863883
275726 273580
275844 273004
245961 244451
881089 878734
403291 400819
253886 251037
896151 895113
175749 175380
726745 723973
214488 211958
195747 192794
983200 981181
462756 461182
