51462 94583
21815 90559
23384 32669
98572 99289
29056 51440
47150 97316
39637 48961
18990 93997
46693 60671
28582 72026
71051 78876
34586 52599
35242 37742
59271 91887
55779 96788
41893 56889
75970 90188
65163 83870
45916 49588
40915 58349
87196 90179
7044 86491
19447 61757
45566 54736
60222 74364
63040 66645
90039 93827
14439 18917
70409 95986
33772 84675
42126 86639
71655 92646
67054 81137
1574 91548
43317 67967
2215 38252
41659 44667
16973 68607
39255 73921
74891 77681
16991 40404
45311 47723
39053 89568
96427 99027
86281 94522
61263 95118
26682 57276
52733 95637
58686 95746
42750 89080
7938 28477
51802 73821
90310 91325
15011 94231
62255 87277
41446 74383
54174 93644
35848 95309
5380 36187
32714 76173
28044 28878
43343 97649
9371 92993
41985 59130
25442 49891
4892 79425
12645 99522
13242 14331
28091 52224
45995 63487
38265 51833
48629 76054
77857 93389
66473 87230
64114 91746
90040 95473
18 79895
5974 84614
24533 93258
24891 90892
1939 52726
85275 86993
48330 87474
51004 96216
38690 84903
56363 78535
87945 95565
78088 78496
44213 72114
44842 58127
87467 95111
31776 65797
23427 96504
56036 62170
36974 53343
34611 69958
26896 45714
78805 82499
8133 72301
76789 82450
