1 10
100 200
201 210
900 1000
1 1
1 2
2 1
1 500000
1 1000000
500000 1000000
1000000 1
1 50000
101 200
200 101
3423 124215
8294 532
102 343
999999 1000000
1000000 1000000
1000000 999999
77000 298328
535353 535352
51123 51123
8000 9000
8000 9001
999000 1000000
999001 999999
89 88
42252 358232
53525 38255
879879 789899
258252 868686
22 535255
52525 88888
1111 2222
11111 22222
111111 222222
333333 333343
898989 888989
10001 10086
25244 388821
2 999999
3 999999
999999 4
86000 68533
75252 22242
444 666
444 222
969696 979797
1234 5678
4321 98765
67676 90901
111111 999999
222222 999988
435 83755
3252 58732
28395 832752
9995 992652
88252 879790
5251 523546
