1 10
100 200
201 210
900 1000
537682 789959
915287 756043
591490 487658
209133 780738
628091 254140
769413 927289
667153 229290
616982 43177
295109 401250
16614 747350
546778 43314
340185 789264
10260 631938
119537 92934
165846 831989
895071 27787
460056 79980
82094 304819
361877 260534
575076 88894
241604 892883
775274 941657
286457 431258
985777 222131
256510 266731
852888 369676
343965 91771
430341 4323
520656 613713
421379 565306
915720 677050
10943 234252
247880 269129
283655 230095
389845 74312
529042 803799
352596 678652
253483 890533
395395 511810
91065 730724
556769 852685
471659 893686
201175 224877
535930 897391
448047 347466
57453 148849
828367 118004
13804 949924
385053 834639
239163 673782
795441 383884
359945 342711
56626 477049
55689 747421
339645 488391
387379 698872
516147 425298
932866 799907
298158 633975
172801 224483
690761 605205
166263 217875
256211 521490
622923 425664
787851 986496
521199 39634
28445 989740
276591 574918
38896 678758
351559 940874
959367 8551
239874 398131
156524 330504
50215 535458
793578 181954
