1 10
100 200
201 210
900 1000
4740 7059
4971 9683
5993 3081
1626 4177 
6273 1905
7850 7891
5204 2800
1895 7780
4763 3164
4779 6426
4751 1469
176 8386 
5546 3335
212 1751
1 1000
1 1
292 5800
6564 6810
1231 7466
7403 2373
8869 3682
4251 6832
6796 1487
8665 1214
9060 1329
9898 3649
4086 8619
3611 1674
2602 9150
8162 8570
3184 3058
866 6264
266041 546715
491429 574899
14692 380317
412849 152562
470531 466180
252497 525701
273032 438483
234313 19376
62732 514444
171201 511355
369217 509427
231413 517827
159311 702386
168241 819877
587806 785454
571882 247496
72888 860050
346676 891174
47774 879965
41061 978043
154245 537212
792583 788874
445445 527839
