1 9
9 1
100 200
1 10
100 300
832127 832540
574755 575610
837399 837970
120864 121134
861356 861622
767861 768567
331946 332722
350767 351296
680813 681595
689970 690104
728063 728997
101582 102050
521431 521598
429069 429937
40623 41006
976076 976831
554331 554431
53225 53966
23372 24344
576859 576873
605924 606735
600337 600980
80712 81500
644242 644572
527603 527657
489767 489802
652627 652995
332956 333131
384937 385050
990628 990827
914302 914766
351075 351790
886114 886568
824086 824820
503746 503816
398043 398347
12545 12646
752091 752583
971419 972385
531137 531934
427157 427286
360804 361379
407015 407568
323759 324286
905615 905970
751452 751482
973384 973574
87761 88123
356363 356853
269985 270677
215677 216299
758581 759203
428223 428288
39322 39534
542868 543790
630537 631186
492047 492047
232558 233087
75600 76496
283364 284188
34804 34849
522494 523473
480681 481603
372256 372826
894634 895602
686237 686287
959127 959956
332478 332605
624555 624656
727694 728170
519757 519871
387904 387980
204576 204616
90023 90197
143139 144134
486655 487632
367538 367853
611349 611473
240095 240302
740618 741073
