1 10
100 200
201 210
900 1000
546865 349251
935409 788136
151844 624942
424052 438726
496358 734488
950249 6430
669128 605733
505868 898561
903753 574199
511981 190820
171911 255135
291773 911029
422172 970896
955363 671551
402991 808964
780490 745512
41668 774728
52736 219738
117821 681513
227853 182280
324252 330058
763034 608148
483358 98926
209634 857828
86789 315548
398292 989414
346013 173134
170126 412994
931492 573960
67194 20459
242456 972900
455733 432863
954185 837040
64204 839178
498437 876023
797992 119710
61886 874044
347283 37601
85039 509072
650738 53059
809212 163257
586078 539314
923632 830533
872216 183315
79094 704436
5407 539040
638347 143917
702172 799615
854704 293695
258068 196076
772687 446374
167199 305107
181112 973926
563692 478560
828063 506455
904521 978357
836223 75469
48593 789235
385738 97429
479174 392661
637367 487572
688538 730758
939687 710250
329783 294612
531468 987476
332898 896807
979714 691817
337403 767388
939998 639533
186837 635640
959772 14166
56268 528705
98688 188599
722071 972812
297534 866070
