1 10
100 200
201 210
900 1000
125948 548574
4584 21424
53489 53985
123853 539855
12392 52958
8979 14895
12387 45982
123098 249094
35978 53875
23009 23085
45812 248908
123 1000000
259823 592929
523983 600000
668 800
24 30
178 200
1 1000
24209 98583
59285 109688
10203 29492
48174 599012
13 1250
25092 60000
7 9
2 3
367 2323
29095 984766
275 500
2395 45894
28512 53858
132 9992
1093 6992
56898 310595
1249 485495
49842 600000
23902 485758
2408 21390
53598 295857
39 1238
2095 28672
29058 298329
569 123123
2509 250999
600 700
1001 2000
2034 4000