1 10
2 200
3 64
43 567
3432 4567
70942 441279
364512 527844
520065 996182
345 567
711473 886586
352147 452399
225291 573363
133834 579746
223983 813394
3453 22343
748079 874719
134895 276714
243312 673327
514167 655615
420849 608251
783285 955552
60272 175201
221474 834459
142067 824069
224597 740577
34567 34568
380288 832556
15348 553638
388868 556676
46982 886170
163788 416146
172215 486373
658506 879040
237166 319614
8165 625935
238052 329588
349083 585029
465129 944419
101131 759973
250776 455266
20959 424182
506952 833687
178467 393079
226525 453445
271511 339711
380656 625047
254395 256501
44146 763139
550859 998478
709843 975231
266306 401614
133337 980178
273131 918390
49448 798862
409299 580704
159632 181129
434699 730001
520486 664795
211782 415882
587979 897989
2 1024
248218 453221
42670 711483
634052 750170
1 512
339590 898557
566897 799757
3 4
3824 841255
1 1
