1 10
100 200
201 210
900 1000
10 20
20 30
30 40
40 50
50 60
60 70
70 80
80 90
90 100
1 100
10 100
20 100
30 100
40 100
50 100
60 100
70 100
80 100
90 100
10 1
200 100
210 201
1000 900
20 10
30 20
40 30
50 40
60 50
70 60
80 70
90 80
100 90
100 1
100 10
100 20
100 30
100 40
100 50
100 60
100 70
100 80
100 90
1 1
2 2
24 95
48 143
72 191
96 239
120 287
144 335
312 671
336 719
360 767
384 815
408 863
432 911
456 959
480 1007
504 1055
528 1103
552 1151
576 1199
600 1247
624 1295
648 1343
672 1391
384 887
778 916
794 336
387 493
650 422
363 28
691 60
764 927
541 427
173 737
212 369
568 430
783 531
863 124
68 136
930 803
23 59
70 168
394 457
12 43
230 374
422 920
785 538
199 325
316 371
414 527
92 981
957 874
863 171
997 282
306 926
85 328
337 506
847 730
314 858
125 896
583 546
815 368
435 365
44 751
88 809
277 179
789 585
404 652
755 400
933 61
677 369
740 13
227 587
95 540
796 571
435 379
468 602
98 903
318 493
653 757
302 281
287 442
866 690
445 620
441 730
32 118