17 17
15 17
21 22
1 1
1000000 1000000
10 1
100 1000
17 40
1 1000000
1000000 1
999999 1000000
91000 574
1 2
500 1000
1000 500
967754 410524
12345 54321
805285 614366
8 3
8 8
1997 1995
6 13
001 009
30 12
9 1993
1995 13
1994 1994
124 1992
199521 1004
199621 917
2006 1997
2208 1995
1120 221996
199616 1901
19911 7719
8882 19919
6010 19961
2020 1212
9999 999
999 99
77777 77
1 89
420 398
4654 65266
265610 12498
345 121
76010 76016
91617 299129
7174 45261
98452 56
8888 808080
987654 123456
123654 987456
147852 9632
753951 84260