1 10
100 200
201 210
900 1000
765952 279063
563496 401330
814955 610744
491425 424201
780590 735994
728021 445751
969148 200835
653181 163985
963255 472991
931720 925201
275795 82135
582003 326483
834687 559659
535830 202382
568332 79489
269549 130858
809703 255654
691770 66234
485185 131610
917116 355060
470491 320385
857877 840233
806877 116828
819871 292748
701209 274673
625614 37647
61603 78646
862672 588175
485691 36590
548568 321631
841241 766078
845894 105535
756495 236479
927992 158530
361689 38195
841240 761870
789236 684413
985543 580781
750778 527566
777701 398555
278144 21325
770694 222984
686987 108425
974442 689692
838012 714262
697589 461418
688544 212282
694890 144833
875742 430423
874303 219699
947894 12020
144664 6008
826156 285565
679632 608520
990449 739161
971915 296278
747796 591337
815799 328920
697204 661242
741551 198024
494929 76384
647083 471931
839995 33849
743519 430816
544457 434685
872716 366283
718502 343894
300962 162701
784919 676874
904143 504620
821711 378435
776339 289373
257311 187092
582577 501027
909448 714189
77468 99322
