1 10
100 200
201 210
900 1000
50 100
10 1
1000 5
1000 10000
20000 50000
100000 200000
300000 500000
500000 999999
123 321
100 -1
1 100
1 200
1 1000
1 10000
1 100000
1 999999
999999 1
100000 1
10000 1
1000 1
200 1
100 1
293456 456293
892345 982345
999998 999999
1 999999
237432 372456
100001 100999
256 258
8 16
16 32
32 64
64 128
128 256
256 512
512 1024
47562 892334
987 1097
12 24
56 82
452312 512343
800923 923800
512000 601024
777777  888888
42356 56867
900000 910000
900001 901000
952456 953456
612810 810612
1 1
10 10
5000 5000
512000 512000
742536 742536
999999 999999
483227 528937