288356 713052
13852 18295
448078 965188
146169 466420
442683 454494
526847 539096
104995 538262
201062 801881
56642 189208
210882 542520
849367 982684
7844 235168
359347 613789
137300 683062
204501 783941
70840 508519
618408 763091
344441 866939
32549 720259
321129 561045
604148 958945
281061 887062
201045 376885
233094 727335
37711 579947
94211 481255
306742 659806
873697 882571
78202 125341
217342 248840
95741 311267
168438 647713
176021 622487
393419 968325
151142 476584
297600 894610
469694 802224
78900 533865
59617 792526
99005 649078
698894 810511
9366 211055
55629 82904
326974 754653
174963 279541
349614 852068
263911 759561
228529 889283
332956 896241
223718 966687

