1 10
100 200
201 210
900 1000
1 1999
1001 2000
999000 1000000
863207 173717
560820 237389
109418 779832
968595 937332
471009 513104
273637 285710
747892 131124
76740 903688
119212 921371
106518 887890
681701 953612
323814 29166
213483 795014
718844 174789
436004 964998
377334 235083
419980 875828
815554 543196
278234 73886
348102 299083
217162 857549
390396 966508
42533 960319
625614 633552
481401 840943
230734 566716
992385 190408
120773 614221
804722 116258
766031 198151
354877 345117
856446 764623
715695 673491
82782 88666
40454 318677
46927 664655
3944 265109
831184 808111
351910 340292
695310 909048
867519 735321
295250 231001
781217 624101
240156 696244
316814 768721
799542 843618
52912 579629
495651 851908
532384 853240
