257473 381188
611728 198032
678585 502090
866475 768408
109441 544679
981860 404277
716135 975167
382986 812348
962779 559079
903541 627497
752144 898630
98201 416511
978881 141789
316944 151066
462037 941454
430423 308033
610281 277757
374170 563303
961578 368288
912423 792551
375240 760805
413109 562386
916765 771670
959673 444305
653878 322590
293978 385194
833608 903261
555904 961046
974292 87057
854980 506680
604238 174850
992367 910720
439025 929945
596740 893135
880326 222135
829199 50687
134838 369224
863243 562520
448034 587037
614788 66082
524004 328700
227796 815161
546957 538321
732614 126784
416340 104548
838150 237338
979531 974366
735989 56047
394747 712462
654862 679223
712498 30486
977527 905307
349100 557930
61 393354
