790796 226281
590263 140291
943812 885545
57044 16167
499526 483310
762117 544802
908377 155387
879311 58922
772608 283835
233216 211528
621580 450882
975283 604654
799297 622831
583153 8197
950298 776002
700845 258149
425501 165354
548516 261235
671247 451624
598115 336396
448894 69400
711968 666420
936335 824341
464039 257094
529500 229841
477420 142583
589786 389174
300334 91698
828781 672743
875348 633538
838741 632002
636673 233237
958471 879152
715973 253883
709446 178525
814318 235131
897218 672656
512050 347160
374126 40291
894158 381301
238751 48890
821345 674739
849003 524434
599918 94159
406502 132129
809099 446770
404108 242206
416637 245606
484237 368029
873981 99649
476551 363428
770284 197506
803382 178673
603148 468587
930701 756308
899097 793709
528452 504465
707541 424623
929292 928533
662375 17474
600808 337222
754665 408190
890166 94187
565352 127001
462503 44762
346906 162219
513157 257088
367009 198743
601024 77501
764462 751178
979920 708560
969237 233498
874829 482371
697973 567314
377462 78237
326314 75431
657407 173496
880412 596902
730681 343922
725873 162066
797838 635385
946654 559559
479990 276214
681467 387746
62715 112212
814258 633126
863633 759677
655891 95213
862442 104027
510415 365135
735825 39010
996128 976114
457687 393017
987213 882085
499077 91115
926557 819500
878808 466927
336803 48590
398345 122722
857990 91167
